522 INTRODUCTION 10101111 WIOLIPS

6111111. 111. 1111101011 1111 1111 necessity 0111111111 11111
1011101101, (I) 111111 111111 serve 6011 1110 11011111 1111111111, 01111
therefore, 111111 11111111Ι 111011 1111 01111111111111111111 01611111, 11. 13
For 101 1111111111, 111011111001111111011 111111 11111, 11. 1131,· (11
6111111 1111111 1111 12 (1110111111 wasa 1110111111 01 1111111, 11. 1131
101 11101 111111 is 110 1111111111111111111111111111111111110111111111
11. 1131. - [1111111111 1110111.- 101 as 10 11111111, 111111111111111
0110111111 111 11011110110111, 1111111011 111011· 1111111 is 111111, 11531
113211· 10 111.Ι 6111111111 founded 0111111111 11111111111111011, 01
110111111101111110111,11. 1133. As 10 1111 1111110111 11111111111111
11111 11111101111111 111111 0111111001· orders, 11011101 01111 1110110111101 clay!
111, p. 1133.

6111111. VI. 111 1111111011111111111 11 is asserted 11101101 1111111111·
01 1111 01111111 11111111 10 111 1111111- 1111111111 11111111111111 1111 mno-
11110110111101101111 111111 1111101111, 11. 1131. 111111111111111111, 11101 111
0111111111 101111111111111111 are 1110111111111 1111101111 1111111111 1111 0111111.-
1111110111 11 11111111 11111, 111111 1111 founders 01 1111. 0111111111111111111
1111111011 111011 6111111 11111101111111111111, 11. 1131-5311. Cui 01111 0on
01 1111. 11111111, 11111111, (1111111111, 1011101111 011111 1101111111 111111110νὲ111
1111 011111· (1111111111 0111117111 111.) are 01 110 011011091111· 11111101 1111,
1). 5311.

From 1111 11111111101111111 theses 01 1111 dominus 011 10 be 1111·
11101111, p. 1136.

ΙΙΙ. 110110100111111111101. '

Τ111 11·(111111111110111 01111 11110110101111111111111111. 01111 mm&
11111111011110 1111101· refuga 11. 11311 1. 8,· 11111111 111111, 1111111 61111111 111
11110 11111 10 1111111111 1383110111 1101111, 111. 111011. Ν111.11.338,01611’
1111111111. 11· 11111111, 11110 111 1319 10011 1111111111. Pru-noe 11101111 ’
101101111101 611011, 111. 1111111111, H. A. I, 393. From 1111 M
1011101 1111 11001, 101111111111111111 1011 111 1111 east two or 11111
years 111 11711111.

IV. (110111111111111.

1711111101 1111111111.-
(111011.1),11111“1111, 11111. 121.
1 1)1111’1,1Ῐ·’.011118. 11110111, 1111· 11119111.
1

1
3181111111 (mal 10. 32112 ’7
111 11111111, 11·. W. 11, 1167.

 

