696 INTRODUCTION TO JOHN 1³70st

011011. IV. 1 ⁰) 11 10 0011 11101 1110 0010100100ίο entered 101011
11101001110101101101011111111011101001011001110011101010101100, 01001
10101011111000111 110 110111, 11. 103. [1010101100 01 11110 0000011011,
11. 103-101.

(711011. V. 11101001· 80010 1110111110110011011 01 1011101110 spoken
(11 00 ,0 10(1(1 0101 1110010010οι0 010111) 11. 101, 1101010 011 01110νο 1010
((1100Ι 111001001010 1110 (10101110 01111000 1110000, 11. 101. 01110 011101 111
said 11101 111010 101101001100 10 100011 11. 101, 00 1110 1000111111 01
01111011110111110110100, p. 101. 1110 11000 01 1110 80010 endeavour 10
0011100 (11111011001-111 0101011000 01001 10001 1110 00011011011111, 11. 101.

011011. V I— V III. 10 (1001001100 101111 11110 (1111οο11100 between 111
0100111010 01 010101 00111011010101 10 1110 0000011011 010 frater, 11101
1110 0111 0011 0011111100 (11010100 01 1110 1111110111 01100011 1010 1100010110
10 1101 0011001, 11. 101, 101· 1000100 0011 0111111000 00000110010110111011,
11. 701- 108) (001 1110 010011 01001 1100011010οε1 (0101101010000, 11. 108,
- [1010101100 111 1110 1011101 01 011 111000 0111001101ιο 00 1110 1100011 01
0000011 0011 110111 Scriptura 1001. III; 10110 Χ1,· 1101111.Χ11,· 111111. 1,·
11001. XIII ; 110101. XXII), 11. 100-100. - 1110000000 00 0101110100 os
1110 1100111001 111000 10 11110 0111 0011110101 (11010100, 00 111011 (cnm
(1011011 0101 111001011100110) (011101111010110101100 1110 01101011 1110101111-
(1001100 01 111011· 1010010011011, 11. 110. 1100101111110, 11 10 0101001,
11101 11101 010 101111 111011 110011 01111011100110 0111 001111 10 be (1000 (1001
(01111, p. 111-112.

11111010016010110011100.

’111110 10 01111011001001001001 0011011110100101 0111011 1110 (1(11 01
1110 ’11011 0101 0100100111 1(110111-101·1·0(1.11 10 0101000 10 00011101 W'
10 1110 1101 011110 11000100 011110 1100000010 111111 01111011 1110 110οι ¹⁹¹³*
1111, (1000 001 1110111100 010 1100100(10010100011000001101001101100 -. ’11
0111010100 10 1110 100111 0011000011 0101001 111010Ι m 1110 1101000001 ιτϊῑῑῑ
1100 11001 1110 0111111 1111010 01 00111111101111000101100 01 11ι- ael
1011101( 01011 1110 1010110111001 1110 10000100 libri 0000101101οζ11·
11. 111) 00 1001100 11001 111011000011011 01 1110 sacerdotes fidele ’ἶ
0 (1110010011 0000111010011010100101 110 10101001. I 10000 111οἮ0
(1010 01 11110 10000111 11001 0110011010.

 

